1639528256329 0.4322926521602018 0
1639528310677 0.5542763157894737 1
1639528366391 0.46571571571571574 2
1639528409985 0.47280918840027925 3
1639528449398 0.5334729361000063 4
1639528490032 0.5049974696356275 5
1639528529214 0.5668648785425102 6
1639528573639 0.6488486842105264 7
1639528612787 0.6065985071818353 8
1639528653006 0.7081224696356275 9
1639528693557 0.5693913929208048 10
1639528731574 0.6632075471698112 11
1639528770059 0.6671893621024902 12
1639528806779 0.6601720647773279 13
1639528844569 0.7179438662882371 14
1639528881652 0.7327672955974843 15
1639528918468 0.8364799598569905 16
1639528957828 0.7650583412172817 17
1639528996059 0.8477060727203503 18
1639529036137 0.8236336032388664 19
