1639528256329 0.7356763 0
1639528310677 0.67357254 1
1639528366391 0.68405294 2
1639528409985 0.6802238 3
1639528449398 0.67289495 4
1639528490032 0.68036735 5
1639528529214 0.6753893 6
1639528573639 0.6696808 7
1639528612787 0.67485166 8
1639528653006 0.6603135 9
1639528693557 0.67127407 10
1639528731574 0.6613134 11
1639528770059 0.667197 12
1639528806779 0.6590516 13
1639528844569 0.6414752 14
1639528881652 0.6339247 15
1639528918468 0.6053316 16
1639528957828 0.59062517 17
1639528996059 0.5289452 18
1639529036137 0.5161247 19
