1639527883620 2.3128324 0
1639527940044 1.1488137 1
1639527985055 1.0450665 2
1639528022652 0.71679235 3
1639528059436 0.7328287 4
1639528101564 0.688727 5
1639528143997 0.723307 6
1639528224651 0.7148466 7
1639528264823 0.684433 8
1639528322076 0.7320838 9
1639528378783 0.6154591 10
1639528421338 0.5940368 11
1639528460610 0.56728977 12
1639528503349 0.5498937 13
1639528544530 0.57701147 14
1639528583732 0.55006427 15
1639528629262 0.55482227 16
1639528674712 0.591693 17
1639528717713 0.54667 18
1639528761081 0.5474899 19
