1639527883620 0.46133633633633636 0
1639527940044 0.5959757266049185 1
1639527985055 0.5346540880503144 2
1639528022652 0.6543562408782283 3
1639528059436 0.6444205465587045 4
1639528101564 0.6801009145380006 5
1639528143997 0.6468684561203123 6
1639528224651 0.6648532388663967 7
1639528264823 0.6785871964679911 8
1639528322076 0.6672327044025157 9
1639528378783 0.724665270639 10
1639528421338 0.7442434210526315 11
1639528460610 0.7694913128018566 12
1639528503349 0.7807439271255061 13
1639528544530 0.7588050314465409 14
1639528583732 0.7835383159886472 15
1639528629262 0.7774842767295597 16
1639528674712 0.7377195784094537 17
1639528717713 0.7841233580810966 18
1639528761081 0.7878037946570214 19
