1639528175919 0.5050447363411383 0
1639528246990 0.579375591296121 1
1639528300219 0.5650936234817813 2
1639528359784 0.6293282876064332 3
1639528405094 0.8117610062893081 4
1639528452012 0.8387179487179488 5
1639528499138 0.8052201257861635 6
1639528545428 0.9087373769052248 7
1639528586427 0.893598233995585 8
1639528627057 0.8974554222983693 9
1639528675289 0.8664779874213836 10
1639528724627 0.9259119496855347 11
1639528768603 0.9374367408906883 12
1639528810225 0.9293106692592361 13
1639528848804 0.9450943396226416 14
1639528887435 0.961411943319838 15
1639528926823 0.9511949685534591 16
1639528965357 0.970125786163522 17
1639529004546 0.9730312837108954 18
1639529044513 0.9787367496707018 19
