1639528175919 0.6900041 0
1639528246990 0.674703 1
1639528300219 0.67699283 2
1639528359784 0.65266114 3
1639528405094 0.5336168 4
1639528452012 0.4960762 5
1639528499138 0.49899355 6
1639528545428 0.4354557 7
1639528586427 0.38518795 8
1639528627057 0.34776175 9
1639528675289 0.37190223 10
1639528724627 0.29347908 11
1639528768603 0.28159493 12
1639528810225 0.25832206 13
1639528848804 0.25002325 14
1639528887435 0.21958606 15
1639528926823 0.2358245 16
1639528965357 0.17407474 17
1639529004546 0.16850907 18
1639529044513 0.16022879 19
