1639527912884 0.5306212551245664 0
1639527950680 0.5952202202202201 1
1639527988180 0.6353112348178137 2
1639528024657 0.7297570850202428 3
1639528061536 0.8115723270440252 4
1639528101885 0.8530048382989559 5
1639528145211 0.8647798742138365 6
1639528224858 0.8668697252363728 7
1639528264774 0.896814884894355 8
1639528315173 0.895495951417004 9
1639528377669 0.9019867549668873 10
1639528419860 0.9182689256932547 11
1639528467831 0.9220754716981131 12
1639528518330 0.9251970987070325 13
1639528564213 0.9333881578947368 14
1639528604427 0.9312139095120249 15
1639528646557 0.9397804429215052 16
1639528688849 0.949455971659919 17
1639528731306 0.940964995269631 18
1639528771433 0.9522197381028426 19
