1639527912884 0.7288162 0
1639527950680 0.665257 1
1639527988180 0.6435765 2
1639528024657 0.5845291 3
1639528061536 0.51130104 4
1639528101885 0.44734758 5
1639528145211 0.41568768 6
1639528224858 0.39984065 7
1639528264774 0.37594914 8
1639528315173 0.36698982 9
1639528377669 0.35172617 10
1639528419860 0.32128674 11
1639528467831 0.31415462 12
1639528518330 0.31166804 13
1639528564213 0.29592258 14
1639528604427 0.29988235 15
1639528646557 0.2767617 16
1639528688849 0.25976872 17
1639528731306 0.26944622 18
1639528771433 0.2461929 19
