1639527742194 0.7511393 0
1639527791771 0.6771551 1
1639527846696 0.683939 2
1639527905015 0.6697408 3
1639527959303 0.66101 4
1639528015166 0.6418102 5
1639528069323 0.6422141 6
1639528124270 0.6281136 7
1639528226714 0.6232993 8
1639528294609 0.61764014 9
1639528371715 0.61672926 10
1639528427261 0.6034224 11
1639528482373 0.5981298 12
1639528539391 0.6010289 13
1639528596183 0.5971172 14
1639528654817 0.5862205 15
1639528712824 0.58413005 16
1639528769686 0.57888174 17
1639528823037 0.58052015 18
1639528877312 0.5741631 19
