1639527742194 0.42256789813711343 0
1639527791771 0.5359944331983806 1
1639527846696 0.4941169028340081 2
1639527905015 0.5892452830188678 3
1639527959303 0.5963522012578616 4
1639528015166 0.6436847466259231 5
1639528069323 0.6584080787806561 6
1639528124270 0.6964995269631031 7
1639528226714 0.7094922737306842 8
1639528294609 0.7272955974842767 9
1639528371715 0.7148911943319839 10
1639528427261 0.7431943651246907 11
1639528482373 0.7371660638365378 12
1639528539391 0.7576365803173807 13
1639528596183 0.7454088050314465 14
1639528654817 0.7610254457770164 15
1639528712824 0.7762893081761004 16
1639528769686 0.777947542653425 17
1639528823037 0.7738252917060864 18
1639528877312 0.8017392392392392 19
